[[0, 96], [96, 192], [96, 96]];1807.3262945494894;81.07409501075745;3;96
[[96, 96], [96, 192], [0, 96]];1807.3262945494894;82.33966135978699;3;96
[[144, 144], [144, 0], [0, 96]];1977.548005361747;126.16459798812866;3;48
[[120, 144], [24, 120], [120, 24]];1558.7609154371885;152.71459889411926;3;24
[[120, 72], [24, 132], [156, 192]];1793.0902795173286;164.16386651992798;3;12
[[108, 102], [60, 42], [186, 36]];1626.4121788639984;171.81214785575867;3;6
[[144, 144], [96, 48], [0, 144]];2033.9080426052901;143.0625457763672;3;48
[[120, 116], [2, 112], [102, 20]];1655.2626126348089;183.26479697227478;3;2
[[24, 72], [120, 192], [144, 48]];1938.6505739758206;154.60425996780396;3;24
[[0, 72], [108, 96], [78, 174]];1631.3068228018915;173.00289154052734;3;6
[[168, 72], [84, 72], [84, 180]];1606.8089238633759;177.69323086738586;3;12
[[184, 22], [34, 22], [120, 88]];1757.1945856893578;179.9727566242218;3;2
[[192, 96], [96, 96], [96, 192], [0, 96]];1045.0310779915774;316.791467666626;4;96
[[96, 0], [0, 96], [192, 96], [96, 96]];1026.986641113382;338.78416299819946;4;96
[[0, 96], [96, 192], [192, 96], [192, 0], [96, 96]];673.7636312274512;586.3115327358246;5;96
[[96, 0], [96, 96], [0, 0], [192, 96], [0, 192]];642.8634620268423;807.1345679759979;5;96
[[48, 144], [48, 0], [192, 96], [144, 48]];733.3725705570271;824.4530999660492;4;48
[[48, 48], [48, 96], [96, 144], [144, 144]];760.0283699312307;828.2425875663757;4;48
[[24, 96], [120, 72], [24, 144], [168, 168]];666.0935923533227;991.0235860347748;4;24
[[84, 84], [180, 96], [48, 0], [156, 48]];739.6879705250072;1108.456162929535;4;12
[[96, 72], [48, 24], [48, 168], [144, 144]];614.2082942972056;1146.1785070896149;4;24
[[48, 96], [132, 18], [132, 96], [24, 144]];674.6414159348392;1124.6536588668823;4;6
[[114, 36], [150, 54], [24, 18], [78, 102]];703.8947417605746;1187.387592792511;4;6
[[88, 170], [96, 60], [44, 116], [150, 110]];565.2090674571597;1270.044499874115;4;2
[[108, 24], [48, 96], [120, 84], [48, 168]];632.7362283852927;1240.7637736797333;4;12
[[136, 156], [56, 88], [22, 162], [120, 72]];605.4007227731518;1283.458352804184;4;2
[[0, 192], [96, 192], [96, 48], [0, 48], [144, 144]];427.5346696880084;3035.0193367004395;5;48
[[144, 96], [0, 144], [144, 48], [0, 0], [96, 144]];393.007575518669;3232.9039721488953;5;48
[[72, 24], [48, 144], [24, 48], [168, 120], [120, 120]];345.1427569086575;4600.195140123367;5;24
[[0, 60], [156, 60], [156, 96], [48, 144], [108, 60]];333.79009107762886;4867.928360939026;5;12
[[96, 96], [120, 192], [24, 120], [24, 48], [120, 144]];315.03521147385277;4858.234611034393;5;24
[[12, 144], [168, 48], [72, 132], [156, 120], [60, 24]];328.75664663823227;5641.939975738525;5;12
[[90, 90], [102, 192], [104, 44], [128, 106], [32, 104]];314.0696272341756;5712.698494434357;5;2
[[162, 126], [102, 132], [102, 36], [12, 126], [18, 48]];334.2671620234076;5765.442949295044;5;6
[[24, 66], [96, 36], [42, 108], [132, 78], [102, 162]];315.30189010769004;6247.300731897354;5;6
[[178, 90], [108, 168], [28, 70], [128, 48], [92, 80]];300.6229998136576;6731.0418202877045;5;2
[[96, 0], [96, 96], [0, 96]];1834.159851100374;66.60041356086731;3;96
[[0, 96], [96, 96], [96, 192]];1807.3262945494894;80.56543803215027;3;96
[[96, 48], [144, 96], [48, 144]];1881.5203372613946;126.26876163482666;3;48
[[144, 96], [96, 144], [48, 48]];1919.5965759047874;135.98062443733215;3;48
[[96, 84], [180, 96], [60, 192]];1800.5238383309936;160.9543378353119;3;12
[[82, 150], [164, 54], [54, 60]];1584.6536939518207;165.13224935531616;3;2
[[72, 192], [120, 96], [48, 72]];1659.8383876367523;170.9373185634613;3;24
[[36, 96], [156, 168], [120, 60]];1498.154243746153;172.35086131095886;3;12
[[48, 24], [48, 144], [120, 96]];1519.5537532288301;176.40233302116394;3;24
[[168, 102], [48, 18], [66, 144]];1580.9824138861545;177.89423203468323;3;6
[[6, 144], [102, 96], [78, 24]];1709.2764449697913;177.89695978164673;3;6
[[98, 116], [160, 60], [20, 48]];1505.0727692421058;183.72541069984436;3;2
[[96, 0], [96, 96], [192, 96], [0, 96]];1026.986641113382;325.0001013278961;4;96
[[96, 192], [192, 96], [96, 96], [0, 96]];1045.0310779915774;346.99279737472534;4;96
[[48, 0], [0, 96], [96, 144], [144, 96]];802.8866623147075;762.7383623123169;4;48
[[192, 96], [0, 96], [0, 192], [96, 96], [96, 0]];628.5866358684731;764.4474475383759;5;96
[[144, 144], [0, 144], [96, 48], [48, 48]];701.8543178508363;885.0371572971344;4;48
[[0, 96], [192, 96], [0, 0], [96, 96], [0, 192]];599.7874447293151;891.1280605792999;5;96
[[48, 24], [120, 72], [48, 144], [96, 144]];609.783901724578;1002.2600564956665;4;24
[[96, 24], [168, 144], [0, 72], [96, 120]];715.0574380791852;1070.5609011650085;4;24
[[72, 60], [24, 156], [120, 180], [144, 72]];677.2516570562964;1105.399881362915;4;12
[[150, 96], [108, 54], [72, 138], [42, 96]];565.8925894957523;1262.2867348194122;4;6
[[36, 156], [96, 132], [72, 12], [144, 72]];610.3057047234481;1284.7031452655792;4;12
[[54, 114], [174, 108], [78, 150], [42, 18]];670.7891217848188;1286.6581299304962;4;6
[[164, 118], [4, 60], [130, 58], [78, 144]];621.6826437196945;1293.8869941234589;4;2
[[98, 44], [56, 156], [174, 96], [26, 66]];629.5673018943266;1300.3085684776306;4;2
